370 1502 1508
370 59 62
370 731 739
370 816 824
370 972 984
371 1026 1034
371 1493 1498
371 1530 1539
371 1689 1699
371 550 561
372 1177 1183
372 1503 1508
372 1605 1619
372 869 893
373 1334 1337
373 549 561
374 1643 1665
375 1163 1173
375 1719 1739
376 1282 1294
376 1457 1477
376 514 539
376 730 739
376 834 862
377 1547 1565
377 1688 1699
377 1746 1748
377 975 980
378 1026 1034
378 1226 1233
378 414 434
378 569 580
378 941 956
379 109 129
379 630 658
379 975 980
380 1176 1183
380 1187 1197
380 1529 1539
380 179 205
381 1056 1062
381 1747 1748
381 684 705
381 869 893
381 942 956
382 1608 1611
382 217 241
382 569 580
382 716 729
383 415 434
383 775 791
384 1163 1173
384 1208 1221
384 1470 1474
385 1642 1665
385 179 205
385 571 579
385 631 658
385 934 949
385 952 963
386 1511 1531
387 1283 1294
387 1374 1390
387 296 315
387 515 539
387 834 862
388 1057 1062
388 108 129
388 1401 1428
388 995 1008
389 1546 1565
389 1725 1733
389 398 403
389 684 705
389 817 824
391 1333 1337
391 159 180
391 1608 1611
391 1641 1658
391 1725 1733
391 265 272
391 717 729
392 1119 1130
392 1266 1293
392 406 418
392 466 469
392 860 884
392 934 949
393 1470 1474
394 1227 1233
394 1267 1293
394 1564 1569
394 467 469
394 58 62
394 742 752
395 1015 1027
395 1336 1349
395 190 207
395 682 684
395 699 705
396 110 128
396 264 272
396 399 403
396 775 791
397 1564 1569
397 1718 1739
397 672 677
397 72 85
398 218 241
398 35 48
398 554 565
398 928 941
398 973 984
399 1456 1477
399 1492 1498
399 1512 1531
399 1699 1711
399 682 684
399 958 960
400 1016 1027
400 1606 1619
400 1732 1737
400 342 350
400 508 510
400 587 589
401 109 128
401 1208 1221
401 958 960
402 1476 1496
402 700 705
402 724 734
403 1578 1586
403 342 350
403 609 630
403 743 752
403 821 831
404 1336 1349
404 134 152
404 1375 1390
404 1401 1428
404 219 229
405 1079 1092
405 159 180
405 1706 1708
405 35 48
405 406 418
406 572 579
407 1225 1227
407 724 734
407 820 831
408 1262 1289
409 1101 1113
409 265 268
409 636 662
409 952 963
410 1578 1586
410 382 386
411 1318 1344
411 1706 1708
411 265 268
411 464 474
411 831 844
411 908 920
412 394 406
412 508 510
412 554 565
412 637 662
412 685 700
412 90 110
412 950 972
413 1269 1271
413 1582 1607
413 1624 1634
413 360 375
413 415 441
413 73 85
414 1057 1070
414 1084 1088
414 1398 1424
414 1640 1658
414 189 207
414 297 315
415 1475 1496
415 361 375
415 537 543
416 1084 1088
416 1118 1130
416 673 677
416 834 839
416 860 884
417 177 196
417 382 386
418 105 107
418 1269 1271
418 1542 1564
418 463 474
418 608 630
419 1601 1604
419 414 441
419 949 972
420 133 152
420 927 941
421 105 107
421 1061 1065
421 1190 1192
421 1317 1344
421 508 533
421 587 589
421 811 823
421 834 839
422 1079 1092
422 1527 1529
422 36 40
422 737 750
422 766 782
422 912 916
423 1019 1032
423 1398 1424
423 441 442
423 996 1008
424 1038 1051
424 1061 1065
424 1123 1133
424 1243 1245
424 395 406
424 627 646
424 791 805
424 810 823
425 1261 1289
425 1601 1604
425 737 750
425 884 897
426 1332 1355
426 1400 1417
426 1731 1737
426 912 916
427 146 147
427 1498 1516
427 1627 1630
427 1700 1711
427 176 196
427 404 405
427 863 875
427 91 110
428 1656 1681
428 18 33
428 327 328
428 685 700
428 743 747
428 928 942
429 1248 1252
429 1303 1318
429 523 526
429 791 805
430 1379 1391
430 252 269
430 334 345
430 627 646
430 981 988
431 1627 1630
431 523 526
431 882 891
432 1017 1027
432 1056 1070
432 1224 1227
432 1690 1696
432 218 229
432 326 328
432 465 491
432 613 619
432 831 844
433 1446 1472
434 1017 1027
434 1582 1607
434 933 935
435 1101 1113
435 1304 1318
435 536 543
435 882 891
435 908 920
436 1035 1048
436 817 831
436 933 935
437 1399 1417
437 1624 1634
437 1657 1681
437 89 114
437 982 988
438 1035 1048
438 1721 1745
438 595 605
438 949 961
439 1498 1516
439 252 269
439 317 326
440 1331 1355
440 1542 1564
440 1589 1607
441 1380 1391
441 357 366
441 507 533
441 62 81
441 662 670
441 766 782
441 885 897
442 1020 1032
442 1527 1529
442 18 33
443 1143 1157
443 37 40
443 612 619
443 705 725
444 1037 1051
444 1091 1103
444 1323 1346
444 1447 1472
444 1650 1661
444 440 442
444 481 484
444 744 747
444 929 942
444 952 954
444 971 981
445 1589 1607
445 1636 1638
446 1269 1282
446 1429 1431
447 1499 1501
447 1650 1661
447 403 405
447 481 484
447 952 954
448 1057 1068
448 296 306
448 578 581
448 706 725
449 1014 1025
449 1244 1245
449 1249 1252
450 1088 1100
450 1190 1192
450 145 147
450 627 644
451 1124 1133
451 796 809
452 132 135
452 1548 1553
452 53 55
452 596 605
453 1166 1180
453 1429 1431
453 1443 1456
453 1690 1696
453 203 224
453 569 575
453 698 719
454 1088 1100
454 1290 1299
454 1323 1346
454 1355 1383
454 393 411
454 922 930
454 950 961
455 1012 1020
455 1635 1638
455 663 670
456 1356 1383
456 1504 1514
456 231 256
456 339 342
457 1133 1140
457 1334 1344
457 1602 1609
457 380 384
457 628 644
458 1720 1745
458 358 366
458 464 491
459 1012 1020
459 1076 1085
459 1485 1487
459 1573 1592
459 339 342
459 821 823
460 148 160
460 203 224
460 729 742
460 975 977
461 1037 1049
461 1202 1215
461 132 135
461 1507 1509
461 1625 1642
461 1667 1672
461 231 256
461 316 326
461 578 581
462 1144 1157
462 275 288
462 539 563
462 88 114
462 975 977
463 1090 1103
463 1188 1197
463 1226 1230
464 1451 1453
464 1524 1541
464 20 40
465 466 483
465 698 719
466 1079 1081
466 1309 1322
466 1694 1696
466 772 785
467 1451 1453
467 146 157
467 1507 1509
467 191 205
467 20 40
467 53 55
468 1015 1025
468 324 328
468 540 563
468 62 81
468 821 823
468 971 981
468 990 1003
469 1040 1045
469 1057 1068
469 1079 1081
469 113 123
469 1381 1397
469 282 284
469 420 424
469 91 105
470 1132 1140
470 1625 1642
470 252 264
470 295 306
470 570 575
470 689 699
471 1289 1299
471 146 157
471 1547 1553
471 1666 1672
472 233 245
472 282 284
472 465 483
472 548 561
472 617 631
473 1040 1045
473 1244 1258
473 1504 1514
473 1586 1588
473 796 809
473 987 997
474 1166 1180
474 1603 1609
475 111 119
475 1142 1148
475 1226 1230
475 1245 1258
475 1500 1501
475 1586 1588
475 710 719
475 754 765
475 89 102
476 1205 1210
476 1663 1670
476 196 200
476 30 42
476 381 384
476 734 737
476 886 901
476 921 930
477 1442 1456
477 294 307
477 421 424
477 667 683
477 776 782
478 1205 1210
478 1290 1301
478 1382 1397
478 51 62
478 734 737
478 89 102
478 987 997
479 250 258
479 392 411
479 776 782
480 1126 1133
480 131 141
480 149 160
480 168 182
480 196 200
481 1036 1049
481 1247 1259
481 1525 1541
481 1573 1592
481 250 258
481 573 575
482 111 119
482 274 288
482 291 304
482 595 606
482 689 699
482 757 759
482 887 901
482 939 949
483 1075 1085
483 1226 1239
483 1357 1361
483 28 36
483 396 407
483 503 516
483 641 655
484 1485 1487
484 461 475
484 730 742
484 757 759
485 1295 1297
485 1453 1470
485 28 36
485 48 57
485 572 575
485 668 683
485 989 1003
486 166 179
486 192 205
486 214 226
486 291 304
486 73 83
486 92 105
487 1543 1569
487 1694 1696
487 528 541
487 690 702
487 897 902
488 1093 1106
488 114 123
488 1244 1255
488 1295 1297
488 1309 1322
488 1498 1503
488 166 179
488 48 57
488 772 785
489 1018 1031
489 1202 1215
489 1270 1282
489 1619 1629
489 253 264
489 325 328
489 399 404
489 731 749
490 1497 1503
490 501 509
490 965 975
491 1586 1590
491 375 388
491 618 631
491 898 902
492 1093 1106
492 1153 1175
492 1244 1255
492 1463 1465
492 399 404
492 501 509
492 753 765
493 11 23
493 1187 1215
493 31 42
494 1398 1409
494 1463 1465
494 1585 1590
494 1619 1629
494 212 223
495 1019 1031
495 1143 1148
495 1547 1563
495 50 62
495 838 852
496 1356 1361
496 273 285
496 293 307
496 437 451
496 744 746
496 91 101
496 942 944
497 1127 1133
497 1226 1239
497 1313 1325
497 1513 1519
497 212 223
497 549 561
497 571 584
497 709 719
498 169 182
498 233 245
498 254 264
498 397 407
498 416 429
498 534 536
498 942 944
499 1246 1259
499 1403 1405
499 1505 1509
499 1513 1519
499 485 495
499 504 516
499 76 80
500 1101 1121
500 1454 1470
500 1663 1670
500 534 536
500 666 678
500 845 849
501 1187 1215
501 1403 1405
501 76 80
502 1354 1367
502 1547 1563
502 435 447
502 845 849
503 1506 1509
503 1682 1692
503 215 226
503 31 46
503 414 424
503 744 746
503 817 831
504 1101 1121
504 1290 1301
504 1375 1387
504 1577 1587
504 251 260
504 435 447
504 939 949
505 271 281
505 335 345
505 355 366
506 1154 1175
506 149 169
506 1726 1738
506 251 260
506 414 424
506 568 581
506 642 655
507 1416 1429
507 462 475
507 73 83
507 928 950
508 1686 1688
508 568 581
508 997 1025
509 1075 1097
509 1165 1188
509 1335 1344
509 1437 1449
509 1542 1569
509 1635 1638
509 194 213
509 292 316
509 489 491
509 964 975
510 1041 1053
510 271 281
510 560 561
510 594 606
511 1399 1409
511 1686 1688
511 731 749
512 1166 1188
512 1312 1325
512 1503 1514
512 1576 1587
512 352 362
512 489 491
513 10 23
513 149 169
513 1663 1673
513 375 388
513 527 541
514 1215 1237
514 1278 1297
514 1705 1718
514 438 451
514 767 779
514 998 1025
515 1380 1384
515 291 316
515 570 584
515 866 870
516 1183 1188
516 1414 1423
516 201 209
516 253 264
516 274 285
516 417 429
516 839 852
516 927 950
517 1040 1053
517 1354 1367
517 1500 1511
517 352 362
517 640 661
518 1414 1423
518 559 561
518 866 870
519 1434 1444
519 1458 1471
519 61 75
519 92 101
520 1380 1384
520 1500 1511
520 484 495
520 666 678
520 959 967
521 1182 1188
521 1434 1444
521 1522 1536
521 1636 1638
521 201 209
521 61 75
522 1645 1655
522 1681 1692
523 354 366
523 774 776
523 886 909
524 1224 1230
525 1184 1211
525 32 46
526 1375 1387
526 1399 1409
526 1417 1429
526 1545 1555
526 639 661
527 1528 1530
527 444 463
527 606 626
528 1224 1230
528 1436 1449
528 1709 1712
528 195 213
528 803 804
528 862 875
529 1482 1495
529 1502 1514
529 1528 1530
529 551 561
529 689 702
530 113 117
530 388 393
531 130 141
531 774 776
531 840 851
531 894 896
531 960 967
532 1040 1059
532 1075 1097
532 1396 1406
532 1709 1712
532 995 1018
533 1543 1552
533 1725 1738
533 443 463
534 1248 1252
534 1396 1406
534 555 557
534 894 896
535 1214 1237
535 1625 1638
535 26 44
535 319 334
535 607 626
535 698 723
536 1039 1059
536 1425 1437
536 233 243
536 257 282
536 406 434
536 922 939
536 996 1018
537 1086 1096
537 1184 1211
537 1277 1297
537 1564 1576
537 320 334
538 1543 1552
538 370 373
538 406 434
538 451 478
538 555 557
538 582 585
538 842 845
539 1262 1268
539 1649 1652
539 234 243
539 349 361
539 767 779
539 85 92
540 1459 1471
540 605 633
540 885 909
541 1085 1096
541 1356 1382
541 1649 1652
541 698 723
541 988 1004
542 125 130
542 1263 1268
542 1523 1536
542 1705 1718
543 1356 1382
543 1398 1409
543 1568 1571
543 217 223
543 26 44
543 452 478
543 782 795
543 842 845
544 1546 1555
544 349 361
544 550 561
544 923 939
544 961 970
545 1029 1031
545 1329 1344
546 260 267
546 387 393
546 743 748
547 113 117
547 1224 1232
547 1645 1655
547 1683 1696
547 216 223
547 500 504
547 643 647
548 1384 1393
548 1425 1437
548 1585 1595
548 260 267
548 34 55
548 441 444
548 688 709
548 781 795
549 1110 1132
549 1159 1165
549 1328 1344
549 339 350
549 606 633
549 839 851
550 293 310
550 754 771
550 86 92
551 1160 1165
551 1568 1571
551 1706 1719
551 441 444
551 802 804
551 994 998
552 1481 1495
552 404 413
553 158 181
553 559 572
553 715 738
553 850 862
553 994 998
554 1111 1132
554 1150 1153
554 529 538
554 599 604
554 788 808
555 1247 1252
555 1298 1319
555 1680 1692
555 221 244
555 581 585
555 823 828
556 1340 1354
556 257 282
556 40 45
556 743 748
557 1565 1576
557 1680 1692
557 1728 1739
557 477 479
557 715 738
558 1151 1153
558 787 808
558 900 916
559 1079 1081
559 1250 1267
559 158 181
559 369 373
559 403 413
559 761 766
560 1223 1232
560 1589 1592
560 262 271
560 688 709
560 850 862
560 900 916
561 1165 1189
561 1663 1673
561 40 45
561 989 1004
562 1123 1142
562 13 21
562 1589 1592
562 1713 1715
562 338 350
562 398 417
562 761 766
563 1682 1696
564 1713 1715
564 1726 1735
564 92 101
565 477 479
565 501 504
565 961 970
566 1029 1031
566 1656 1665
566 1747 1757
566 936 939
567 1164 1189
567 1726 1735
567 222 244
567 33 55
567 529 538
567 559 572
568 142 162
568 1422 1447
568 1585 1595
568 1604 1615
568 753 771
569 1123 1142
569 194 196
569 469 471
569 474 495
570 1250 1267
570 126 130
570 44 50
570 607 624
570 92 101
570 997 1024
571 1078 1081
571 1706 1719
571 201 226
571 247 255
571 470 471
571 599 604
573 1156 1184
573 1423 1447
573 1729 1739
573 644 647
574 1602 1611
574 475 495
575 1384 1393
575 1564 1577
575 194 196
576 14 21
576 1624 1638
577 1563 1577
577 1602 1611
577 201 226
577 736 740
578 1156 1184
578 142 162
578 293 310
578 578 596
578 607 624
578 823 828
578 936 939
579 398 417
579 43 50
580 1299 1319
580 263 271
581 246 255
581 736 740
582 1339 1354
582 1657 1665
582 577 596
582 996 1024
584 1605 1615
584 1747 1757

1003 468 485
1004 541 561
1008 388 423
101 496 519
101 564 570
1018 532 536
102 475 478
1020 455 459
1024 570 582
1025 449 468
1025 508 514
1027 395 400
1027 432 434
1031 489 495
1031 545 566
1032 423 442
1034 371 378
1045 469 473
1048 436 438
1049 461 481
105 469 486
1051 424 444
1053 510 517
1059 532 536
1061 421 424
1062 381 388
1065 421 424
1068 448 469
107 418 421
1070 414 432
1081 466 469
1081 559 571
1085 459 483
1088 414 416
1092 405 422
1096 537 541
1097 509 532
110 412 427
1100 450 454
1103 444 463
1106 488 492
1113 409 435
1121 500 504
1130 392 416
1132 549 554
1133 424 451
1133 480 497
114 437 462
1140 457 470
1142 562 569
1148 475 495
1153 554 558
1157 443 462
1165 549 551
117 530 547
1173 375 384
1175 492 506
1180 453 474
1183 372 380
1184 573 578
1188 509 512
1188 516 521
1189 561 567
119 475 482
1192 421 450
1197 380 463
1205 476 478
1210 476 478
1211 525 537
1215 461 489
1215 493 501
1221 384 401
1224 524 528
1227 407 432
123 469 488
1230 463 475
1230 524 528
1232 547 560
1233 378 394
1237 514 535
1239 483 497
1245 424 449
1252 429 449
1252 534 555
1255 488 492
1258 473 475
1259 481 499
1267 559 570
1268 539 542
1269 413 418
1271 413 418
128 396 401
1282 446 489
1289 408 425
129 379 388
1293 392 394
1294 376 387
1297 485 488
1297 514 537
1299 454 471
130 542 570
1301 478 504
1318 429 435
1319 555 580
1322 466 488
1325 497 512
1337 373 391
1344 411 421
1344 457 509
1344 545 549
1346 444 454
1349 395 404
135 452 461
1354 556 582
1355 426 440
1361 483 496
1367 502 517
1382 541 543
1383 454 456
1384 515 520
1387 504 526
1390 387 404
1391 430 441
1393 548 575
1397 469 478
1403 499 501
1405 499 501
1406 532 534
1409 494 511
1409 526 543
141 480 531
1417 426 437
1423 516 518
1424 414 423
1428 388 404
1429 507 526
1431 446 453
1437 536 548
1444 519 521
1447 568 573
1449 509 528
1451 464 467
1453 464 467
1456 453 477
1463 492 494
1465 492 494
147 427 450
1470 485 500
1471 519 540
1472 433 444
1474 384 393
1477 376 399
1487 459 484
1495 529 552
1496 402 415
1498 371 399
1501 447 475
1503 488 490
1508 370 372
1509 461 467
1509 499 503
1511 517 520
1514 456 473
1514 512 529
1516 427 439
1519 497 499
152 404 420
1529 422 442
1530 527 529
1531 386 399
1536 521 542
1539 371 380
1541 464 481
1552 533 538
1553 452 471
1555 526 544
1563 495 502
1564 418 440
1565 377 389
1569 394 397
1569 487 509
157 467 471
1571 543 551
1576 537 557
1577 575 577
1586 403 410
1586 473 475
1587 504 512
1588 473 475
1590 491 494
1592 459 481
1592 560 562
1595 548 568
160 460 480
1604 419 425
1607 413 434
1607 440 445
1608 382 391
1609 457 474
1611 382 391
1611 574 577
1615 568 584
1619 372 400
162 568 578
1629 489 494
1630 427 431
1634 413 437
1638 445 455
1638 509 521
1638 535 576
1642 461 470
1652 539 541
1655 522 547
1658 391 414
1661 444 447
1665 374 385
1665 566 582
1670 476 500
1672 461 471
1673 513 561
1681 428 437
1686 508 511
1688 508 511
169 506 513
1692 503 522
1692 555 557
1696 432 453
1696 466 487
1696 547 563
1699 371 377
1708 405 411
1709 528 532
1711 399 427
1712 528 532
1715 562 564
1718 514 542
1719 551 571
1733 389 391
1735 564 567
1737 400 426
1738 506 533
1739 375 397
1739 557 573
1745 438 458
1748 377 381
1757 566 584
179 486 488
180 391 405
181 553 559
182 480 498
196 417 427
196 476 480
196 569 575
200 476 480
205 380 385
205 467 486
207 395 414
209 516 521
21 562 576
213 509 528
223 494 497
223 543 547
224 453 460
226 486 503
226 571 577
229 404 432
23 493 513
241 382 398
243 536 539
244 555 567
245 472 498
255 571 581
256 456 461
258 479 481
260 504 506
264 470 489
264 498 516
267 546 548
268 409 411
269 430 439
271 560 580
272 391 396
281 505 510
282 469 472
282 536 556
284 469 472
285 496 516
288 462 482
304 482 486
306 448 470
307 477 496
310 550 578
315 387 414
316 509 515
326 439 461
328 428 432
328 468 489
33 428 442
334 535 537
342 456 459
345 430 505
350 400 403
350 549 562
36 483 485
361 539 544
362 512 517
366 441 458
366 505 523
373 538 559
375 413 415
384 457 476
386 410 417
388 491 513
393 530 546
40 422 443
40 464 467
403 389 396
404 489 492
405 427 447
406 412 424
407 483 498
411 454 479
413 552 559
417 562 579
418 392 405
42 476 493
424 469 477
424 503 506
429 498 516
434 378 383
434 536 538
44 535 543
441 413 419
442 423 444
444 548 551
447 502 504
45 556 561
451 496 514
46 503 525
463 527 533
469 392 394
471 569 571
474 411 418
475 484 507
478 538 543
479 557 565
48 398 405
481 444 447
483 465 472
484 444 447
489 509 512
491 432 458
491 509 512
495 499 520
495 569 574
50 570 579
504 547 565
509 490 492
510 400 412
516 483 499
526 429 431
533 421 441
534 498 500
536 498 500
538 554 567
539 376 387
541 487 513
543 415 435
55 452 467
55 548 567
557 534 538
561 371 373
561 472 497
561 510 518
561 529 544
563 462 468
565 398 412
57 485 488
572 553 567
575 453 470
575 481 485
579 385 406
580 378 382
581 448 461
581 506 508
584 497 515
585 538 555
589 400 421
596 578 582
604 554 571
605 438 452
606 482 510
619 432 443
62 370 394
62 478 495
624 570 578
626 527 535
630 403 418
631 472 491
633 540 549
644 450 457
646 424 430
647 547 573
655 483 506
658 379 385
661 517 526
662 409 412
670 441 455
677 397 416
678 500 520
683 477 485
684 395 399
699 470 482
700 412 428
702 487 529
705 381 389
705 395 402
709 548 560
719 453 465
719 475 497
723 535 541
725 443 448
729 382 391
734 402 407
737 476 478
738 553 557
739 370 376
740 577 581
742 460 484
744 496 503
746 496 503
747 428 444
748 546 556
749 489 511
75 519 521
750 422 425
752 394 403
759 482 484
765 475 492
766 559 562
771 550 568
774 523 531
776 523 531
779 514 539
782 422 441
782 477 479
785 466 488
791 383 396
795 543 548
80 499 501
804 528 551
805 424 429
808 554 558
809 451 473
81 441 468
823 421 424
823 459 468
824 370 389
828 555 578
83 486 507
831 403 407
831 436 503
834 416 421
839 416 421
842 538 543
844 411 432
845 500 502
845 538 543
849 500 502
85 397 413
851 531 549
852 495 516
862 376 387
862 553 560
870 515 518
875 427 528
884 392 416
891 431 435
893 372 381
894 531 534
896 531 534
897 425 441
901 476 482
902 487 491
909 523 540
916 422 426
916 558 560
92 539 550
920 411 435
930 454 476
935 434 436
939 536 544
939 566 578
941 398 420
942 428 444
942 496 498
944 496 498
949 385 392
949 482 504
950 507 516
954 444 447
956 378 381
958 399 401
960 399 401
961 438 454
963 385 409
967 520 531
970 544 565
972 412 419
975 377 379
975 460 462
975 490 509
977 460 462
980 377 379
981 444 468
984 370 398
988 430 437
994 551 553
997 473 478
998 551 553
